background_ratio:0.756
od_ratio:0.176
oc_ratio:0.068

background_ratio_counts:197492.731
od_counts:46001.005
oc_counts:17626.264


[0.76,0.18,0.07]
[1,4,8]

Mean: [106.77383795  41.6131706   16.98846011]
Std: [34.72102374 16.26759786  7.15600708]