Mean: [91.78240475 56.94691458 25.83539799]
Std: [124.97378797  83.84006884  36.78897282]