Mean: [116.51282647  56.43716432  16.30857136]
Std: [81.60499116 41.72404861  7.35586594]